1 0.403333 0.583333 0.206667 0.100000
1 0.473333 0.703333 0.120000 0.053333
1 0.385000 0.721667 0.103333 0.043333
1 0.668333 0.728333 0.143333 0.043333
1 0.298333 0.245000 0.196667 0.090000
1 0.388333 0.108333 0.183333 0.063333
1 0.580000 0.128333 0.146667 0.116667
1 0.908333 0.455000 0.136667 0.083333
1 0.756667 0.483333 0.073333 0.046667
1 0.786667 0.595000 0.060000 0.036667
1 0.158333 0.385000 0.090000 0.083333
1 0.206667 0.463333 0.040000 0.033333
1 0.793333 0.645000 0.080000 0.063333
1 0.910000 0.791667 0.073333 0.076667
