1 0.313333 0.425000 0.266667 0.090000
1 0.305000 0.558333 0.296667 0.096667
1 0.258333 0.181667 0.243333 0.076667
1 0.350000 0.906667 0.273333 0.073333
1 0.510000 0.773333 0.246667 0.086667
1 0.633333 0.673333 0.113333 0.053333
1 0.736667 0.653333 0.166667 0.073333
1 0.686667 0.303333 0.266667 0.093333
1 0.713333 0.256667 0.160000 0.080000
1 0.855000 0.238333 0.156667 0.083333
1 0.451667 0.150000 0.203333 0.073333
1 0.460000 0.098333 0.200000 0.050000
1 0.315000 0.015000 0.156667 0.023333
1 0.070000 0.720000 0.073333 0.033333
1 0.733333 0.935000 0.093333 0.043333
1 0.741667 0.783333 0.083333 0.046667
1 0.020000 0.885000 0.033333 0.063333
