1 0.411667 0.195000 0.170000 0.090000
1 0.458333 0.440000 0.156667 0.093333
1 0.576667 0.493333 0.133333 0.080000
1 0.098333 0.736667 0.063333 0.040000
1 0.410000 0.526667 0.053333 0.040000
1 0.455000 0.576667 0.090000 0.073333
1 0.676667 0.763333 0.106667 0.066667
1 0.926667 0.581667 0.146667 0.103333
1 0.736667 0.385000 0.153333 0.096667
1 0.856667 0.258333 0.133333 0.116667
1 0.876667 0.153333 0.133333 0.146667
1 0.970000 0.108333 0.060000 0.130000
1 0.365000 0.946667 0.170000 0.080000
1 0.590000 0.911667 0.060000 0.036667
